[[], 7, 1, 9, 4, 7, 9, 8, 2, 4, [10], []]
[[], 8, 1, 9, 4, 7, 9, [7], 2, 4, [10], []]
[[], 2, 1, 9, 4, 7, 9, [7], [8], 4, [10], []]
[[], 1, [2], 9, 4, 7, 9, [7], [8], 4, [10], []]
[[], [1], [2], 4, 4, 7, 9, [7], [8], [9], [10], []]
[[], [1], [2], 4, [4], 7, 9, [7], [8], [9], [10], []]
[[], [1], [2], [], [4, 4], 7, 9, [7], [8], [9], [10], []]
[[], [1], [2], [], [4, 4], [], 9, [7, 7], [8], [9], [10], []]
[[], [1], [2], [], [4, 4], [], [], [7, 7], [8], [9, 9], [10], []]
[[1], [2], [], [4, 4], [], [], [7, 7], [8], [9, 9], [10], []]
[1, [2], [], [4, 4], [], [], [7, 7], [8], [9, 9], [10], []]
[1, 2, [], [4, 4], [], [], [7, 7], [8], [9, 9], [10], []]
[1, 2, [4, 4], [], [], [7, 7], [8], [9, 9], [10], []]
[1, 2, 4, [], [], [7, 7], [8], [9, 9], [10], []]
[1, 2, 4, 4, [], [], [7, 7], [8], [9, 9], [10], []]
[1, 2, 4, 4, [], [7, 7], [8], [9, 9], [10], []]
[1, 2, 4, 4, [7, 7], [8], [9, 9], [10], []]
[1, 2, 4, 4, 7, [8], [9, 9], [10], []]
[1, 2, 4, 4, 7, 7, [8], [9, 9], [10], []]
[1, 2, 4, 4, 7, 7, 8, [9, 9], [10], []]
[1, 2, 4, 4, 7, 7, 8, 9, [10], []]
[1, 2, 4, 4, 7, 7, 8, 9, 9, [10], []]
[1, 2, 4, 4, 7, 7, 8, 9, 9, 10, []]
[1, 2, 4, 4, 7, 7, 8, 9, 9, 10]
[1, 2, 4, 4, 7, 7, 8, 9, 9, 10]